11131914
[[1113191436960104,1113191442028270],[1113191444527220,1113191450932641],[1113191452429792,1113191454865564],[1113191457095629,1113191459261426],[1113191501660133,1113191504595664],[1113191508828124,1113191511461895],[1113191514295851,1113191517260640],[1113191518462508,1113191521563944],[1113191522960779,1113191525364001]]
11131918
[[1113191832333506,1113191837261374],[1113191839997281,1113191846495213],[1113191850531762,1113191852961233],[1113191854526698,1113191856494716],[1113191858961026,1113191901660479],[1113191903895463,1113191906627789],[1113191908933982,1113191911752990],[1113191913062639,1113191915859484],[1113191918694231,1113191921055967]]
11131920
[[1113192024934232,1113192029563531],[1113192032097141,1113192038530877],[1113192040132070,1113192042531602],[1113192044798897,1113192046896728],[1113192049397844,1113192051864359],[1113192053629288,1113192056029283],[1113192057799534,1113192101001303],[1113192103265460,1113192105999183],[1113192110365921,1113192112999648]]
11131922
[[1113192217999200,1113192222730217],[1113192228363625,1113192234396064],[1113192237962668,1113192240263325],[1113192243562254,1113192245800753],[1113192249033096,1113192251997777],[1113192253966294,1113192256796835],[1113192258597298,1113192301464403],[1113192303131002,1113192306230602],[1113192309331510,1113192311963482]]
11131933
[[1113193315493204,1113193321028925],[1113193322298776,1113193328564566],[1113193329630566,1113193332164349],[1113193333831405,1113193336233930],[1113193337497869,1113193339898627],[1113193342067239,1113193344998587],[1113193346697020,1113193350232107],[1113193351533780,1113193355000296],[1113193355965345,1113193358564274]]
11131935
[[1113193512064945,1113193517864567],[1113193520434024,1113193526702031],[1113193527629754,1113193530066118],[1113193532102075,1113193534664764],[1113193537198649,1113193539797631],[1113193541731801,1113193544734011],[1113193545966102,1113193549730659],[1113193550600001,1113193554367012],[1113193554966342,1113193557864590]]
11131937
[[1113193712134636,1113193718380333],[1113193719465051,1113193726231144],[1113193727098857,1113193729598150],[1113193731667296,1113193734230940],[1113193735897912,1113193738297695],[1113193739866239,1113193742735097],[1113193744431109,1113193748499884],[1113193749898837,1113193753464751],[1113193754545016,1113193757269067]]
11131939
[[1113193915864471,1113193921566506],[1113193922532237,1113193929031513],[1113193930071998,1113193932598186],[1113193934931102,1113193936999668],[1113193938698785,1113193940568070],[1113193942697808,1113193945102727],[1113193947030999,1113193950868555],[1113193952198756,1113193955364351],[1113193956900512,1113193959065458]]
